x1=1.30
x2=9.5
TLength=10.95
SuperEllipseNum=9

supell_1
0.70 1.40 0.90 1.40
2.0 2.0 2.0 2.0
0.45 1.0 0.0
FVIEW
supell_2
0.75 1.30 1.30 1.30
2.0 2.0 2.0 2.0
1.35 1.0 0.0
FVIEW
supell_3
0.80 1.20 1.50 1.20
2.0 2.0 2.0 2.0
2.30 1.0 0.0
NOTFVIEW
supell_4
0.95 1.00 1.65 1.00
3.0 3.0 2.0 2.0
4.60 1.0 0.0
NOTFVIEW
supell_5
1.30 0.85 1.70 0.85
2.0 2.0 2.0 2.0
5.70 1.0 0.0
FVIEW
supell_6
1.10 0.65 1.50 0.65
2.0 2.0 2.0 2.0
7.80 1.0 0.0
NOTFVIEW
supell_7
0.90 0.45 1.15 0.45
2.0 2.0 2.0 2.0
9.25 1.0 0.0
NOTFVIEW
supell_8
0.85 0.30 0.95 0.30
1.5 1.5 2.0 2.0
10.25 1.0 0.0
NOTFIEW
supell_9
0.78 0.10 0.80 0.10
1.2 1.2 1.8 1.8
10.95 1.0 0.0
NOTFVIEW